00 60 00 20 29 05 00 00 91 05 00 00 91 05 00 00 91 05 00 00 91 05 00 00 91 05 00 00 00 00 00 00
00 00 00 00 00 00 00 00 00 00 00 00 91 05 00 00 91 05 00 00 00 00 00 00 91 05 00 00 91 05 00 00
91 05 00 00 91 05 00 00 91 05 00 00 91 05 00 00 91 05 00 00 91 05 00 00 91 05 00 00 91 05 00 00
91 05 00 00 91 05 00 00 91 05 00 00 91 05 00 00 91 05 00 00 91 05 00 00 91 05 00 00 91 05 00 00
91 05 00 00 91 05 00 00 91 05 00 00 91 05 00 00 91 05 00 00 91 05 00 00 91 05 00 00 91 05 00 00
91 05 00 00 91 05 00 00 91 05 00 00 91 05 00 00 91 05 00 00 91 05 00 00 91 05 00 00 91 05 00 00
91 05 00 00 91 05 00 00 91 05 00 00 91 05 00 00 91 05 00 00 91 05 00 00 91 05 00 00 91 05 00 00
91 05 00 00 91 05 00 00 91 05 00 00 91 05 00 00 91 05 00 00 91 05 00 00 91 05 00 00 91 05 00 00
91 05 00 00 91 05 00 00 91 05 00 00 91 05 00 00 91 05 00 00 91 05 00 00 91 05 00 00 91 05 00 00
91 05 00 00 91 05 00 00 91 05 00 00 91 05 00 00 91 05 00 00 45 07 00 00 91 05 00 00 91 05 00 00
91 05 00 00 91 05 00 00 91 05 00 00 91 05 00 00 91 05 00 00 91 05 00 00 91 05 00 00 91 05 00 00
91 05 00 00 91 05 00 00 91 05 00 00 91 05 00 00 91 05 00 00 91 05 00 00 91 05 00 00 91 05 00 00
91 05 00 00 91 05 00 00 91 05 00 00 91 05 00 00 91 05 00 00 91 05 00 00 91 05 00 00 91 05 00 00
91 05 00 00 91 05 00 00 91 05 00 00 91 05 00 00 91 05 00 00 91 05 00 00 91 05 00 00 91 05 00 00
91 05 00 00 91 05 00 00 91 05 00 00 91 05 00 00 91 05 00 00 91 05 00 00 91 05 00 00 91 05 00 00
91 05 00 00 91 05 00 00 91 05 00 00 91 05 00 00 91 05 00 00 91 05 00 00 91 05 00 00 91 05 00 00
91 05 00 00 91 05 00 00 91 05 00 00 91 05 00 00 91 05 00 00 91 05 00 00 91 05 00 00 91 05 00 00
91 05 00 00 91 05 00 00 91 05 00 00 91 05 00 00 91 05 00 00 91 05 00 00 91 05 00 00 91 05 00 00
91 05 00 00 91 05 00 00 91 05 00 00 91 05 00 00 91 05 00 00 91 05 00 00 91 05 00 00 91 05 00 00
91 05 00 00 91 05 00 00 91 05 00 00 91 05 00 00 91 05 00 00 91 05 00 00 91 05 00 00 91 05 00 00
91 05 00 00 91 05 00 00 91 05 00 00 91 05 00 00 91 05 00 00 91 05 00 00 91 05 00 00 91 05 00 00
91 05 00 00 91 05 00 00 91 05 00 00 91 05 00 00 91 05 00 00 91 05 00 00 91 05 00 00 91 05 00 00
91 05 00 00 91 05 00 00 91 05 00 00 91 05 00 00 91 05 00 00 91 05 00 00 91 05 00 00 91 05 00 00
91 05 00 00 91 05 00 00 91 05 00 00 91 05 00 00 91 05 00 00 91 05 00 00 91 05 00 00 91 05 00 00
91 05 00 00 91 05 00 00 91 05 00 00 91 05 00 00 91 05 00 00 91 05 00 00 91 05 00 00 91 05 00 00
91 05 00 00 91 05 00 00 91 05 00 00 91 05 00 00 91 05 00 00 91 05 00 00 91 05 00 00 91 05 00 00
91 05 00 00 91 05 00 00 91 05 00 00 91 05 00 00 91 05 00 00 91 05 00 00 91 05 00 00 91 05 00 00
91 05 00 00 91 05 00 00 91 05 00 00 91 05 00 00 91 05 00 00 91 05 00 00 91 05 00 00 91 05 00 00
91 05 00 00 91 05 00 00 91 05 00 00 91 05 00 00 91 05 00 00 91 05 00 00 91 05 00 00 91 05 00 00
91 05 00 00 91 05 00 00 91 05 00 00 91 05 00 00 91 05 00 00 91 05 00 00 91 05 00 00 91 05 00 00
91 05 00 00 91 05 00 00 91 05 00 00 91 05 00 00 91 05 00 00 91 05 00 00 91 05 00 00 91 05 00 00
91 05 00 00 91 05 00 00 91 05 00 00 91 05 00 00 91 05 00 00 91 05 00 00 91 05 00 00 FF FF FF FF
FF FF FF FF FF FF FF FF FF FF FF FF FE 7F FF FF 04 4B 05 48 1B 1A 06 2B 02 D9 04 4B 03 B1 18 47
70 47 00 BF 1F 88 FF 1F 1C 88 FF 1F 00 00 00 00 05 49 06 48 09 1A 89 10 01 EB D1 71 49 10 02 D0
03 4B 03 B1 18 47 70 47 1C 88 FF 1F 1C 88 FF 1F 00 00 00 00 10 B5 06 4C 23 78 43 B9 FF F7 D8 FF
04 4B 13 B1 04 48 AF F3 00 80 01 23 23 70 10 BD 00 00 00 20 00 00 00 00 80 0A 00 00 08 B5 08 4B
1B B1 08 49 08 48 AF F3 00 80 08 48 03 68 13 B9 BD E8 08 40 CC E7 06 4B 00 2B F9 D0 98 47 F7 E7
00 00 00 00 04 00 00 20 80 0A 00 00 18 88 FF 1F 00 00 00 00 15 4B 00 2B 08 BF 13 4B 9D 46 A3 F5
80 3A 00 21 8B 46 0F 46 13 48 14 4A 12 1A 00 F0 F7 F9 0F 4B 00 2B 00 D0 98 47 0E 4B 00 2B 00 D0
98 47 00 20 00 21 04 00 0D 00 0D 48 00 28 02 D0 0C 48 00 F0 6F FA 00 F0 BF F9 20 00 29 00 00 F0
39 F9 00 F0 A9 F9 00 BF 00 00 08 00 00 60 00 20 00 00 00 00 00 00 00 00 00 00 00 20 1C 00 00 20
D5 09 00 00 AD 09 00 00 72 B6 4F F0 00 01 4F F0 00 02 4F F0 00 03 4F F0 00 04 4F F0 00 05 4F F0
00 06 4F F0 00 07 B8 46 B9 46 BA 46 BB 46 BC 46 0A 49 0B 4A 52 1A 01 3A 05 DD 00 20 04 23 08 60
19 44 04 3A FB DA 07 48 85 46 07 48 80 47 07 48 80 47 62 B6 FF F7 9E FF FE E7 00 00 00 80 FF 1F
00 60 00 20 00 60 00 20 BD 06 00 00 95 05 00 00 FF F7 FE BF 80 B4 8F B0 00 AF 39 4B 3B 63 39 4B
3B 62 39 4B 7B 61 39 4B FB 62 39 4B FB 61 39 4B 3B 61 39 4B BB 62 39 4B FB 60 39 4B 7B 62 39 4B
BB 61 39 4B BB 60 09 E0 3B 6A 1A 78 3B 6B 1A 70 3B 6B 01 33 3B 63 3B 6A 01 33 3B 62 7A 69 3B 6A
9A 42 F1 D1 09 E0 FB 69 1A 78 FB 6A 1A 70 FB 6A 01 33 FB 62 FB 69 01 33 FB 61 3A 69 FB 69 9A 42
F1 D1 05 E0 BB 6A 00 22 1A 70 BB 6A 01 33 BB 62 FA 68 BB 6A 9A 42 F5 D1 09 E0 BB 69 1A 78 7B 6A
1A 70 BB 69 01 33 BB 61 7B 6A 01 33 7B 62 BA 68 BB 69 9A 42 F1 D1 00 23 FB 71 1C 4A 1C 4B 9A 42
16 D0 00 23 7B 63 0A E0 19 4A 7B 6B 52 F8 23 20 16 49 7B 6B 41 F8 23 20 7B 6B 01 33 7B 63 15 4B
9B 08 7A 6B 9A 42 EF D3 13 4B 10 4A 1A 60 02 E0 11 4B 0F 4A 1A 60 00 BF 3C 37 BD 46 80 BC 70 47
00 84 FF 1F AC 0A 00 00 C8 0E 00 00 1C 88 FF 1F C8 0E 00 00 C8 0E 00 00 00 00 00 20 1C 00 00 20
00 00 00 20 C8 0E 00 00 C8 0E 00 00 00 80 FF 1F 00 00 00 00 00 04 00 00 08 ED 00 E0 80 B4 00 AF
08 4B 09 4A 5A 60 07 4B 5B 68 06 4B 42 F2 20 12 1A 60 04 4B 4F F6 FF 72 9A 60 00 BF BD 46 80 BC
70 47 00 BF 00 20 05 40 20 C5 28 D9 80 B4 00 AF 07 4B 08 4A 5A 60 06 4B 4F F6 FF 72 9A 60 04 4B
4F F4 04 52 1A 60 00 BF BD 46 80 BC 70 47 00 BF 00 20 05 40 20 C5 28 D9 80 B4 83 B0 00 AF 78 60
7B 68 41 F2 88 32 02 FB 03 F3 7B 60 02 E0 7B 68 01 3B 7B 60 7B 68 00 2B F9 D1 00 BF 0C 37 BD 46
80 BC 70 47 80 B4 00 AF 07 4B 9B 69 00 2B 07 D1 06 4B 48 F2 01 02 DA 60 05 4A 05 4B 1B 6B 13 63
00 BF BD 46 80 BC 70 47 80 F0 0F 40 C0 F0 0F 40 00 B0 04 40 80 B5 00 AF FF F7 B8 FF 31 4B 4F F0
80 42 C3 F8 2C 21 2F 4B 4F F0 80 42 C3 F8 30 21 2D 4A 2D 4B 5B 69 23 F4 80 53 53 61 2B 4B 4F F4
88 72 1A 63 29 4A 29 4B 1B 6B 43 F0 01 03 13 63 26 4A 26 4B 1B 6B 43 F0 02 03 13 63 23 4A 23 4B
1B 6B 43 F4 20 23 13 63 20 4A 20 4B 1B 6B 13 63 1F 4A 1F 4B 5B 69 43 F0 01 03 53 61 1C 4A 1C 4B
5B 69 43 F4 00 43 53 61 19 4A 19 4B 5B 69 43 F4 80 33 53 61 17 4B 4F F4 80 72 1A 60 15 4B 4F F4
80 72 DA 63 13 4B 4F F4 80 72 1A 64 64 20 FF F7 83 FF 0F 4A 0E 4B 5B 68 43 F0 01 03 53 60 0C 4A
0B 4B 5B 68 43 F4 00 43 53 60 09 4A 08 4B 5B 68 43 F4 80 33 53 60 06 4A 05 4B 9B 68 43 F4 80 33
93 60 F8 E7 00 50 06 40 80 F0 0F 40 00 B0 04 40 C0 F0 0F 40 00 C0 04 40 08 B5 00 21 04 46 00 F0
41 F8 04 4B 18 68 C3 6B 03 B1 98 47 20 46 00 F0 03 F9 00 BF 7C 0A 00 00 70 B5 0D 4E 0D 4C A4 1B
A4 10 00 25 A5 42 09 D1 0B 4E 0C 4C 00 F0 F8 F8 A4 1B A4 10 00 25 A5 42 05 D1 70 BD 56 F8 25 30
98 47 01 35 EE E7 56 F8 25 30 98 47 01 35 F2 E7 A0 0A 00 00 A0 0A 00 00 A0 0A 00 00 A8 0A 00 00
02 44 03 46 93 42 00 D1 70 47 03 F8 01 1B F9 E7 02 4B 13 B1 02 48 00 F0 7D B8 70 47 00 00 00 00
AD 09 00 00 2D E9 F7 4F 2E 4B 1B 68 00 93 80 46 0F 46 03 F5 A4 7A 00 9B D3 F8 48 41 56 46 4F F0
01 0B 14 B9 03 B0 BD E8 F0 8F 65 68 05 F1 FF 39 01 35 04 EB 85 05 B9 F1 00 0F 0E DA 22 4B 00 2B
F0 D0 62 68 23 68 00 2A 39 D1 00 2B 37 D0 20 46 33 60 AF F3 00 80 34 68 E3 E7 3F B1 D5 F8 00 21
97 42 03 D0 09 F1 FF 39 04 3D E4 E7 61 68 2A 68 01 39 89 45 16 BF 00 23 C4 F8 04 90 2B 60 00 2A
F0 D0 D4 F8 88 01 63 68 01 93 0B FA 09 F1 01 42 08 D0 D4 F8 8C 01 01 42 0D D1 D5 F8 80 10 40 46
90 47 00 E0 90 47 62 68 01 9B 9A 42 B3 D1 32 68 94 42 D7 D0 AF E7 D5 F8 80 00 90 47 F3 E7 26 46
1C 46 AE E7 7C 0A 00 00 00 00 00 00 38 B5 07 4D 07 4C 64 1B A4 10 1C B9 BD E8 38 40 00 F0 66 B8
01 3C 55 F8 24 30 98 47 F5 E7 00 BF A8 0A 00 00 AC 0A 00 00 00 23 01 46 1A 46 18 46 00 F0 00 B8
2D E9 F0 41 1F 46 22 4B 1C 68 06 46 D4 F8 48 01 0D 46 90 46 18 B9 04 F5 A6 70 C4 F8 48 01 43 68
1F 2B 16 DD 1B 4B 1B B9 4F F0 FF 30 BD E8 F0 81 4F F4 C8 70 AF F3 00 80 00 28 F5 D0 D4 F8 48 31
03 60 00 21 41 60 C4 F8 48 01 C0 F8 88 11 C0 F8 8C 11 44 68 9E B1 00 EB 84 03 01 22 C3 F8 88 80
D0 F8 88 11 A2 40 11 43 02 2E C0 F8 88 11 C3 F8 08 71 02 BF D0 F8 8C 31 1A 43 C0 F8 8C 21 63 1C
02 34 43 60 40 F8 24 50 00 20 BD E8 F0 81 00 BF 7C 0A 00 00 00 00 00 00 FE E7 00 00 00 84 FF 1F
F8 B5 00 BF F8 BC 08 BC 9E 46 70 47 F8 B5 00 BF F8 BC 08 BC 9E 46 70 47 1C FA FF 7F 01 00 00 00
D1 08 00 00 7D 04 00 00 55 04 00 00 00 00 00 00 EC 86 FF 1F 50 87 FF 1F B4 87 FF 1F 00 00 00 00
00 00 00 00 00 00 00 00 00 00 00 00 00 00 00 00 00 00 00 00 00 00 00 00 00 00 00 00 00 00 00 00
00 00 00 00 00 00 00 00 00 00 00 00 00 00 00 00 00 00 00 00 00 00 00 00 00 00 00 00 00 00 00 00
00 00 00 00 00 00 00 00 00 00 00 00 00 00 00 00 00 00 00 00 00 00 00 00 00 00 00 00 00 00 00 00
00 00 00 00 00 00 00 00 00 00 00 00 00 00 00 00 00 00 00 00 00 00 00 00 00 00 00 00 00 00 00 00
00 00 00 00 00 00 00 00 00 00 00 00 00 00 00 00 00 00 00 00 01 00 00 00 00 00 00 00 0E 33 CD AB
34 12 6D E6 EC DE 05 00 0B 00 00 00 00 00 00 00 00 00 00 00 00 00 00 00 00 00 00 00 00 00 00 00
00 00 00 00 00 00 00 00 00 00 00 00 00 00 00 00 00 00 00 00 00 00 00 00 00 00 00 00 00 00 00 00
00 00 00 00 00 00 00 00 00 00 00 00 00 00 00 00 00 00 00 00 00 00 00 00 00 00 00 00 00 00 00 00
00 00 00 00 00 00 00 00 00 00 00 00 00 00 00 00 00 00 00 00 00 00 00 00 00 00 00 00 00 00 00 00
00 00 00 00 00 00 00 00 00 00 00 00 00 00 00 00 00 00 00 00 00 00 00 00 00 00 00 00 00 00 00 00
00 00 00 00 00 00 00 00 00 00 00 00 00 00 00 00 00 00 00 00 00 00 00 00 00 00 00 00 00 00 00 00
00 00 00 00 00 00 00 00 00 00 00 00 00 00 00 00 00 00 00 00 00 00 00 00 00 00 00 00 00 00 00 00
00 00 00 00 00 00 00 00 00 00 00 00 00 00 00 00 00 00 00 00 00 00 00 00 00 00 00 00 00 00 00 00
00 00 00 00 00 00 00 00 00 00 00 00 00 00 00 00 00 00 00 00 00 00 00 00 00 00 00 00 00 00 00 00
00 00 00 00 00 00 00 00 00 00 00 00 00 00 00 00 00 00 00 00 00 00 00 00 00 00 00 00 00 00 00 00
00 00 00 00 00 00 00 00 00 00 00 00 00 00 00 00 00 00 00 00 00 00 00 00 00 00 00 00 00 00 00 00
00 00 00 00 00 00 00 00 00 00 00 00 00 00 00 00 00 00 00 00 00 00 00 00 00 00 00 00 00 00 00 00
00 00 00 00 00 00 00 00 00 00 00 00 00 00 00 00 00 00 00 00 00 00 00 00 00 00 00 00 00 00 00 00
00 00 00 00 00 00 00 00 00 00 00 00 00 00 00 00 00 00 00 00 00 00 00 00 00 00 00 00 00 00 00 00
00 00 00 00 00 00 00 00 00 00 00 00 00 00 00 00 00 00 00 00 00 00 00 00 00 00 00 00 00 00 00 00
00 00 00 00 00 00 00 00 00 00 00 00 00 00 00 00 00 00 00 00 00 00 00 00 00 00 00 00 00 00 00 00
00 00 00 00 00 00 00 00 00 00 00 00 00 00 00 00 00 00 00 00 00 00 00 00 00 00 00 00 00 00 00 00
00 00 00 00 00 00 00 00 00 00 00 00 00 00 00 00 00 00 00 00 00 00 00 00 00 00 00 00 00 00 00 00
00 00 00 00 00 00 00 00 00 00 00 00 00 00 00 00 00 00 00 00 00 00 00 00 00 00 00 00 00 00 00 00
00 00 00 00 00 00 00 00 00 00 00 00 00 00 00 00 00 00 00 00 00 00 00 00 00 00 00 00 00 00 00 00
00 00 00 00 00 00 00 00 00 00 00 00 00 00 00 00 00 00 00 00 00 00 00 00 00 00 00 00 00 00 00 00
00 00 00 00 00 00 00 00 00 00 00 00 00 00 00 00 00 00 00 00 00 00 00 00 00 00 00 00 00 00 00 00
00 00 00 00 00 00 00 00 00 00 00 00 00 00 00 00 00 00 00 00 00 00 00 00 00 00 00 00 00 00 00 00
00 00 00 00 00 00 00 00 00 00 00 00 00 00 00 00 00 00 00 00 00 00 00 00 00 00 00 00 00 00 00 00
00 00 00 00 00 00 00 00 00 00 00 00 00 00 00 00 00 00 00 00 00 00 00 00 00 00 00 00 00 00 00 00
00 00 00 00 00 00 00 00 00 00 00 00 00 00 00 00 00 00 00 00 00 00 00 00 00 00 00 00 00 00 00 00
00 00 00 00 00 00 00 00 00 00 00 00 00 00 00 00 00 00 00 00 00 00 00 00 00 00 00 00 00 00 00 00
00 00 00 00 00 00 00 00 FF FF FF FF FF FF FF FF FF FF FF FF FF FF FF FF FF FF FF FF FF FF FF FF
FF FF FF FF FF FF FF FF FF FF FF FF FF FF FF FF FF FF FF FF FF FF FF FF FF FF FF FF FF FF FF FF
FF FF FF FF FF FF FF FF FF FF FF FF FF FF FF FF FF FF FF FF FF FF FF FF FF FF FF FF FF FF FF FF
FF FF FF FF FF FF FF FF FF FF FF FF FF FF FF FF FF FF FF FF FF FF FF FF FF FF FF FF FF FF FF FF
FF FF FF FF FF FF FF FF FF FF FF FF FF FF FF FF FF FF FF FF FF FF FF FF FF FF FF FF FF FF FF FF
FF FF FF FF FF FF FF FF FF FF FF FF FF FF FF FF FF FF FF FF FF FF FF FF FF FF FF FF FF FF FF FF
FF FF FF FF FF FF FF FF FF FF FF FF FF FF FF FF FF FF FF FF FF FF FF FF FF FF FF FF FF FF FF FF
FF FF FF FF FF FF FF FF FF FF FF FF FF FF FF FF FF FF FF FF FF FF FF FF FF FF FF FF FF FF FF FF
FF FF FF FF FF FF FF FF FF FF FF FF FF FF FF FF FF FF FF FF FF FF FF FF FF FF FF FF FF FF FF FF
FF FF FF FF FF FF FF FF FF FF FF FF FF FF FF FF FF FF FF FF FF FF FF FF FF FF FF FF FF FF FF FF
